date,AAPL,MSFT,GOOGL,AMZN,FB
2019-11-06 14:15:00,256.64,143.97,1290.7358,1794.36,192.1151
2019-11-06 14:00:00,256.38,143.96,1290.36,1795.61,192.45
2019-11-06 13:45:00,256.5231,143.902,1290.738,1795.0829,192.2822
2019-11-06 13:30:00,256.12,143.945,1289.89,1793.59,192.33
2019-11-06 13:15:00,255.95,143.785,1287.275,1792.8101,192.09
2019-11-06 13:00:00,255.84,143.76,1285.57,1790.5,192.09
2019-11-06 12:45:00,255.93,143.76,1286.74,1790.6204,192.15
2019-11-06 12:30:00,255.78,143.58,1286.59,1790.0,192.006
2019-11-06 12:15:00,256.01,143.695,1287.875,1791.2,192.075
2019-11-06 12:00:00,256.13,143.45,1287.94,1789.06,191.82
2019-11-06 11:45:00,256.06,143.62,1288.63,1790.0,192.04
2019-11-06 11:30:00,256.28,143.88,1288.74,1792.7,192.42
2019-11-06 11:15:00,256.3403,143.76,1288.79,1793.1,192.08
2019-11-06 11:00:00,256.1,143.88,1287.61,1794.87,192.32
2019-11-06 10:45:00,256.65,143.96,1290.69,1797.72,193.03
2019-11-06 10:30:00,256.743,143.83,1290.51,1797.2,192.64
2019-11-06 10:15:00,256.92,143.885,1291.86,1797.53,192.99
2019-11-06 10:00:00,257.11,144.04,1289.23,1797.02,193.04
2019-11-06 09:45:00,256.9903,143.9758,1286.7116,1800.7222,193.2277
2019-11-05 16:00:00,257.15,144.46,1291.46,1801.71,194.32
2019-11-05 15:45:00,257.59,144.7,1292.22,1803.91,194.298
2019-11-05 15:30:00,257.72,144.6,1293.13,1803.55,194.23
2019-11-05 15:15:00,257.81,144.5813,1294.46,1803.755,194.29
2019-11-05 15:00:00,257.92,144.52,1293.69,1804.08,194.29
2019-11-05 14:45:00,258.1,144.51,1294.0,1804.9,194.18
2019-11-05 14:30:00,257.635,144.63,1294.5699,1805.24,194.1781
2019-11-05 14:15:00,257.6945,144.64,1294.4399,1804.9666,194.08
2019-11-05 14:00:00,257.81,144.58,1294.8,1803.63,193.96
2019-11-05 13:45:00,257.8666,144.5242,1294.86,1803.4909,194.0939
2019-11-05 13:30:00,257.83,144.641,1296.26,1804.3101,194.025
2019-11-05 13:15:00,257.9801,144.67,1296.59,1804.985,194.06
2019-11-05 13:00:00,257.58,144.7,1295.68,1804.81,193.9
2019-11-05 12:45:00,257.6468,144.6633,1296.2,1804.12,194.23
2019-11-05 12:30:00,257.4442,144.4974,1296.1949,1803.76,194.117
2019-11-05 12:15:00,257.46,144.495,1293.705,1804.3214,194.1
2019-11-05 12:00:00,257.52,144.54,1293.82,1803.66,193.91
2019-11-05 11:45:00,257.4618,144.35,1293.3735,1801.4159,193.8
2019-11-05 11:30:00,257.1266,144.55,1295.0166,1801.55,194.29
2019-11-05 11:15:00,257.43,144.4,1295.13,1802.495,194.2681
2019-11-05 11:00:00,257.51,144.13,1293.48,1800.99,194.06
2019-11-05 10:45:00,257.75,144.195,1293.356,1800.22,193.8462
2019-11-05 10:30:00,257.2096,144.17,1295.52,1799.86,194.2199
2019-11-05 10:15:00,257.2183,144.1147,1292.2321,1797.4281,194.5329
2019-11-05 10:00:00,257.32,144.42,1293.91,1804.11,195.15
2019-11-05 09:45:00,256.9607,144.596,1291.729,1806.5114,195.0582
2019-11-04 16:00:00,257.48,144.52,1289.61,1805.28,194.72
2019-11-04 15:45:00,257.2858,144.4,1289.99,1808.4637,194.9705
2019-11-04 15:30:00,257.2329,144.32,1288.0,1806.83,194.98
2019-11-04 15:15:00,256.95,144.28,1288.42,1806.7,195.2101
2019-11-04 15:00:00,257.37,144.39,1290.96,1810.29,195.72
2019-11-04 14:45:00,256.9464,144.55,1291.02,1812.0,195.9168
2019-11-04 14:30:00,256.72,144.53,1291.715,1811.37,195.9428
2019-11-04 14:15:00,256.68,144.655,1291.0361,1810.319,195.78
2019-11-04 14:00:00,256.81,144.65,1290.78,1811.29,195.33
2019-11-04 13:45:00,256.92,144.77,1291.08,1810.605,195.88
2019-11-04 13:30:00,256.6482,144.735,1291.4895,1810.5404,195.58
2019-11-04 13:15:00,256.27,144.71,1289.11,1810.7,195.3655
2019-11-04 13:00:00,256.37,144.76,1287.91,1810.87,195.1373
2019-11-04 12:45:00,255.81,144.7844,1287.88,1810.4644,194.79
2019-11-04 12:30:00,256.0066,144.65,1287.2693,1811.37,194.707
2019-11-04 12:15:00,256.2507,144.675,1287.7108,1810.73,194.5681
2019-11-04 12:00:00,256.27,144.61,1284.27,1808.75,194.34
2019-11-04 11:45:00,256.73,144.6925,1284.5,1809.0,194.7162
2019-11-04 11:30:00,256.88,144.515,1283.45,1807.875,194.0472
2019-11-04 11:15:00,256.8955,144.435,1285.96,1812.99,195.0234
2019-11-04 11:00:00,256.96,144.43,1283.3,1811.39,194.75
2019-11-04 10:45:00,256.7803,144.5908,1284.39,1812.1,195.5631
2019-11-04 10:30:00,257.21,144.6042,1286.26,1814.26,196.0538
2019-11-04 10:15:00,256.37,144.3964,1285.361,1808.2195,196.4152
2019-11-04 10:00:00,256.47,144.42,1285.3,1808.3199,197.12
2019-11-04 09:45:00,256.68,144.4447,1284.0775,1810.4253,195.6046
2019-11-01 16:00:00,255.85,143.72,1272.98,1791.48,193.69
2019-11-01 15:45:00,254.6827,143.48,1268.35,1788.15,192.825
2019-11-01 15:30:00,254.595,143.4402,1266.8101,1786.9404,192.4069
2019-11-01 15:15:00,254.64,143.3977,1266.47,1786.72,192.4061
2019-11-01 15:00:00,254.35,143.38,1268.02,1787.01,192.44
2019-11-01 14:45:00,253.96,143.2992,1268.13,1788.22,192.7
2019-11-01 14:30:00,253.8154,143.32,1268.21,1788.98,192.5687
2019-11-01 14:15:00,253.5682,143.31,1267.6858,1790.26,192.4262
2019-11-01 14:00:00,253.65,143.33,1267.09,1789.18,192.36
2019-11-01 13:45:00,253.7563,143.15,1267.3707,1790.2963,192.0
2019-11-01 13:30:00,253.45,143.095,1267.42,1790.2751,191.4246
2019-11-01 13:15:00,253.23,143.21,1265.0551,1789.1899,191.4
2019-11-01 13:00:00,252.55,143.02,1264.4399,1787.32,190.95
2019-11-01 12:45:00,252.88,143.15,1263.3525,1788.27,190.785
2019-11-01 12:30:00,253.0101,143.27,1262.2932,1789.2016,191.0387
2019-11-01 12:15:00,253.0,143.06,1262.1103,1787.3243,190.5569
2019-11-01 12:00:00,253.24,143.41,1263.6899,1791.33,192.09
2019-11-01 11:45:00,253.46,143.39,1263.125,1792.4,192.83
2019-11-01 11:30:00,253.3,143.475,1262.92,1792.5601,192.525
2019-11-01 11:15:00,253.5735,143.6809,1263.4399,1793.85,193.1431
2019-11-01 11:00:00,253.3,143.52,1263.95,1793.5,192.83
2019-11-01 10:45:00,253.3941,143.6123,1263.3,1792.52,192.4391
2019-11-01 10:30:00,253.3881,143.6086,1267.5,1792.8,193.4862
2019-11-01 10:15:00,252.46,143.7928,1269.3199,1795.6852,193.5138
2019-11-01 10:00:00,251.79,143.28,1267.91,1792.35,193.3
2019-11-01 09:45:00,250.91,143.6854,1264.5472,1792.4769,193.3372
2019-10-31 16:00:00,248.67,143.39,1258.8,1777.33,191.68
2019-10-31 15:45:00,247.9349,143.365,1255.5,1775.03,192.21
2019-10-31 15:30:00,247.89,143.2912,1253.3199,1775.16,192.4857
2019-10-31 15:15:00,248.33,143.289,1254.98,1777.395,193.37
2019-10-31 15:00:00,247.75,143.29,1253.54,1775.93,193.04
2019-10-31 14:45:00,246.8944,143.32,1251.8,1774.9004,192.601
2019-10-31 14:30:00,247.35,143.5523,1253.09,1775.6,192.1931
2019-10-31 14:15:00,247.6699,143.4975,1251.08,1775.2912,192.6239
2019-10-31 14:00:00,247.8,143.6,1252.17,1775.4108,192.12
2019-10-31 13:45:00,247.99,143.83,1252.49,1775.87,192.33
2019-10-31 13:30:00,247.8989,143.74,1256.1327,1775.64,192.7669
2019-10-31 13:15:00,247.7625,143.57,1256.0699,1776.03,192.16
2019-10-31 13:00:00,247.63,143.58,1254.6935,1776.01,191.6
2019-10-31 12:45:00,247.4305,143.64,1253.05,1776.3515,191.6611
2019-10-31 12:30:00,247.86,143.9254,1255.55,1777.1863,192.8372
2019-10-31 12:15:00,248.4004,144.0603,1254.4105,1778.3773,193.2362
2019-10-31 12:00:00,248.2091,143.88,1251.67,1778.64,192.76
2019-10-31 11:45:00,248.78,144.0558,1255.325,1780.1,194.96
2019-10-31 11:30:00,248.4748,144.0,1254.65,1777.1548,194.0838
2019-10-31 11:15:00,248.379,144.3262,1256.535,1781.672,193.9492
2019-10-31 11:00:00,247.32,144.21,1258.08,1777.4,194.09
2019-10-31 10:45:00,246.5102,143.836,1254.1424,1775.0816,193.4531
2019-10-31 10:30:00,246.4093,144.0,1253.903,1775.5467,192.72
2019-10-31 10:15:00,246.75,143.77,1255.66,1776.47,192.57
2019-10-31 10:00:00,246.82,144.09,1258.3101,1784.08,193.93
2019-10-31 09:45:00,246.777,144.265,1260.5105,1784.7411,195.5332
2019-10-30 16:00:00,243.29,144.57,1260.63,1780.01,188.18
2019-10-30 15:45:00,243.5514,144.6752,1262.8101,1777.035,188.315
2019-10-30 15:30:00,243.69,144.6,1264.8506,1779.16,188.5931
2019-10-30 15:15:00,242.82,144.55,1264.0924,1778.3179,188.1675
2019-10-30 15:00:00,242.68,144.19,1264.77,1779.7,187.65
2019-10-30 14:45:00,242.29,143.79,1260.57,1774.56,187.27
2019-10-30 14:30:00,242.28,143.7299,1259.515,1771.0,187.11
2019-10-30 14:15:00,242.7101,143.7444,1260.3199,1775.4742,187.2635
2019-10-30 14:00:00,241.66,143.46,1256.36,1768.51,186.08
2019-10-30 13:45:00,241.8,143.645,1257.0601,1769.1233,186.3159
2019-10-30 13:30:00,241.95,143.72,1258.34,1768.2882,187.195
2019-10-30 13:15:00,242.275,143.78,1257.41,1767.8199,187.4861
2019-10-30 13:00:00,242.29,143.72,1256.61,1765.46,187.29
2019-10-30 12:45:00,242.45,143.88,1258.3782,1767.33,187.545
2019-10-30 12:30:00,242.53,143.72,1259.3199,1768.72,188.07
2019-10-30 12:15:00,241.9889,143.769,1257.8105,1769.62,187.6031
2019-10-30 12:00:00,242.05,143.63,1260.33,1772.2,187.57
2019-10-30 11:45:00,241.29,143.615,1257.76,1769.1949,186.89
2019-10-30 11:30:00,242.5593,143.6295,1259.51,1773.22,187.1499
2019-10-30 11:15:00,242.91,143.7302,1262.99,1774.49,187.51
2019-10-30 11:00:00,243.0,143.8,1264.63,1778.76,188.02
2019-10-30 10:45:00,243.0263,143.6147,1260.97,1771.457,187.6661
2019-10-30 10:30:00,243.06,143.54,1261.5699,1769.02,188.31
2019-10-30 10:15:00,243.8741,143.1053,1259.6071,1767.2075,187.662
2019-10-30 10:00:00,243.56,143.32,1258.37,1766.4446,188.11
2019-10-30 09:45:00,242.6587,143.2052,1254.4851,1763.11,187.9368
2019-10-29 16:00:00,243.29,142.82,1260.67,1763.05,189.32
2019-10-29 15:45:00,243.6177,142.9345,1258.7,1763.99,189.4451
2019-10-29 15:30:00,243.72,142.95,1257.822,1765.21,189.4399
2019-10-29 15:15:00,243.405,143.1,1260.0,1767.0,189.69
2019-10-29 15:00:00,242.68,143.09,1256.38,1766.15,189.5796
2019-10-29 14:45:00,243.38,142.93,1256.8218,1765.5601,189.08
2019-10-29 14:30:00,243.73,142.845,1256.672,1764.41,189.49
2019-10-29 14:15:00,243.4252,142.9323,1258.6705,1764.1899,190.0583
2019-10-29 14:00:00,243.67,142.85,1259.34,1764.51,190.31
2019-10-29 13:45:00,243.3802,142.87,1257.75,1762.585,190.72
2019-10-29 13:30:00,243.7164,143.1037,1259.72,1765.5601,190.055
2019-10-29 13:15:00,243.51,143.4,1263.28,1768.04,190.31
2019-10-29 13:00:00,243.57,143.53,1260.55,1762.5627,189.2
2019-10-29 12:45:00,244.23,143.56,1261.4806,1763.1143,189.2461
2019-10-29 12:30:00,244.42,143.56,1262.5096,1764.35,189.3
2019-10-29 12:15:00,243.6633,143.3088,1260.42,1760.35,189.1371
2019-10-29 12:00:00,243.17,143.16,1259.18,1758.46,188.71
2019-10-29 11:45:00,243.747,143.315,1259.4,1757.3254,188.6531
2019-10-29 11:30:00,243.9017,143.035,1263.6818,1757.9918,189.106
2019-10-29 11:15:00,244.5348,143.47,1266.4748,1758.0,189.0937
2019-10-29 11:00:00,245.5,143.42,1269.58,1762.25,189.4
2019-10-29 10:45:00,246.48,143.72,1272.4079,1766.4336,189.9368
2019-10-29 10:30:00,246.3157,143.79,1267.7,1764.205,189.3376
2019-10-29 10:15:00,247.4665,143.908,1262.0883,1769.4665,189.415
2019-10-29 10:00:00,247.91,144.08,1264.11,1772.53,189.96
2019-10-29 09:45:00,248.6649,144.0928,1261.3446,1768.7912,190.1601
2019-10-28 16:00:00,249.04,144.2,1289.47,1777.05,189.46
2019-10-28 15:45:00,248.9551,144.0516,1295.9399,1778.61,189.395
2019-10-28 15:30:00,248.9549,144.1128,1296.84,1777.0,189.2837
2019-10-28 15:15:00,248.83,144.175,1294.2541,1776.005,189.15
2019-10-28 15:00:00,248.5,144.36,1293.64,1775.49,188.79
2019-10-28 14:45:00,248.42,144.31,1296.665,1775.5,188.78
2019-10-28 14:30:00,248.35,144.2254,1297.0,1775.3688,188.7
2019-10-28 14:15:00,248.48,144.1,1294.08,1776.6191,188.69
2019-10-28 14:00:00,248.41,144.12,1293.95,1775.47,188.51
2019-10-28 13:45:00,248.63,144.24,1293.54,1776.66,188.76
2019-10-28 13:30:00,248.54,144.06,1292.0601,1773.63,188.8597
2019-10-28 13:15:00,248.6536,143.85,1294.75,1772.5118,188.697
2019-10-28 13:00:00,248.49,143.6,1295.34,1770.9,188.77
2019-10-28 12:45:00,248.495,143.7443,1296.85,1771.515,188.9531
2019-10-28 12:30:00,248.56,143.688,1294.46,1773.48,189.08
2019-10-28 12:15:00,248.3699,143.56,1290.63,1769.9351,188.18
2019-10-28 12:00:00,248.56,144.0,1289.01,1772.26,188.4
2019-10-28 11:45:00,248.6321,144.1602,1285.41,1772.9399,188.38
2019-10-28 11:30:00,248.47,143.76,1285.0375,1769.1859,187.9975
2019-10-28 11:15:00,248.61,143.74,1284.83,1768.73,187.78
2019-10-28 11:00:00,248.14,143.9,1283.65,1768.99,187.7
2019-10-28 10:45:00,248.0343,144.0054,1287.038,1771.631,187.95
2019-10-28 10:30:00,248.2956,144.348,1287.6801,1765.89,187.0478
2019-10-28 10:15:00,248.08,144.31,1284.0,1763.1493,187.34
2019-10-28 10:00:00,248.03,144.41,1282.6949,1751.32,187.24
2019-10-28 09:45:00,248.1568,144.6,1276.4804,1744.494,185.9349
2019-10-25 16:00:00,246.58,140.73,1264.29,1762.01,187.87
2019-10-25 15:45:00,245.84,140.405,1263.5601,1757.78,188.02
2019-10-25 15:30:00,245.65,140.46,1263.49,1753.78,188.16
2019-10-25 15:15:00,245.62,140.4211,1263.3101,1751.4686,188.21
2019-10-25 15:00:00,245.41,140.44,1262.83,1751.81,188.04
2019-10-25 14:45:00,245.32,140.3,1261.1,1751.3941,187.9518
2019-10-25 14:30:00,245.262,140.4146,1262.27,1754.3053,187.9075
2019-10-25 14:15:00,245.0564,140.48,1263.15,1748.446,188.1262
2019-10-25 14:00:00,245.26,140.56,1266.1,1749.13,188.18
2019-10-25 13:45:00,245.5159,140.6452,1265.1472,1748.51,188.1899
2019-10-25 13:30:00,245.3148,140.655,1265.48,1752.54,188.38
2019-10-25 13:15:00,245.32,140.73,1265.7,1755.03,188.59
2019-10-25 13:00:00,245.26,140.62,1265.01,1753.86,188.47
2019-10-25 12:45:00,245.19,140.6128,1264.5,1753.2247,188.63
2019-10-25 12:30:00,245.5122,140.74,1264.6708,1759.7668,188.4711
2019-10-25 12:15:00,245.3632,140.7545,1264.0649,1759.4709,188.356
2019-10-25 12:00:00,245.37,140.86,1265.55,1762.47,188.22
2019-10-25 11:45:00,245.5165,140.9637,1267.4333,1757.9562,188.575
2019-10-25 11:30:00,245.53,140.94,1266.36,1749.89,188.57
2019-10-25 11:15:00,244.92,140.8956,1265.3564,1742.5098,188.5776
2019-10-25 11:00:00,244.53,140.77,1264.55,1738.6,188.18
2019-10-25 10:45:00,243.8992,140.6,1261.5461,1735.425,187.4
2019-10-25 10:30:00,244.55,140.62,1260.11,1730.9423,187.25
2019-10-25 10:15:00,243.645,140.95,1256.73,1723.182,186.3249
2019-10-25 10:00:00,243.48,140.315,1253.48,1718.1,186.1
2019-10-25 09:45:00,243.4,139.6956,1256.0504,1713.1899,185.7849
2019-10-24 16:00:00,243.6,139.95,1259.1,1781.61,186.38
2019-10-24 15:45:00,243.08,139.85,1258.0551,1782.775,185.675
2019-10-24 15:30:00,243.13,139.945,1256.865,1781.0,185.53
2019-10-24 15:15:00,243.0,140.0,1257.715,1778.3438,185.765
2019-10-24 15:00:00,243.0,140.0,1258.1141,1777.66,185.77
2019-10-24 14:45:00,243.19,140.045,1260.84,1780.9,185.83
2019-10-24 14:30:00,242.8818,139.9656,1259.71,1781.54,185.45
2019-10-24 14:15:00,242.77,139.88,1258.91,1779.4231,185.31
2019-10-24 14:00:00,242.41,139.73,1257.69,1774.29,185.33
2019-10-24 13:45:00,242.513,140.1027,1258.8147,1776.0648,185.54
2019-10-24 13:30:00,243.0199,140.1149,1259.01,1776.42,185.69
2019-10-24 13:15:00,242.95,140.11,1257.49,1777.75,185.5559
2019-10-24 13:00:00,243.01,140.36,1258.645,1780.69,185.85
2019-10-24 12:45:00,242.99,140.1901,1257.745,1781.28,185.74
2019-10-24 12:30:00,242.734,139.9703,1256.1005,1779.522,185.323
2019-10-24 12:15:00,242.5813,139.9132,1256.75,1777.9708,185.27
2019-10-24 12:00:00,243.28,140.16,1258.16,1786.57,185.7
2019-10-24 11:45:00,243.07,139.995,1260.1899,1787.29,185.7682
2019-10-24 11:30:00,243.2601,139.76,1260.7,1782.5232,185.3067
2019-10-24 11:15:00,242.5876,139.5208,1257.98,1779.2502,185.5453
2019-10-24 11:00:00,242.45,139.65,1257.12,1776.06,184.2
2019-10-24 10:45:00,242.18,139.6244,1255.4798,1775.5165,184.1659
2019-10-24 10:30:00,242.76,139.5398,1255.36,1772.37,183.5568
2019-10-24 10:15:00,242.359,139.6845,1253.23,1767.8021,183.5059
2019-10-24 10:00:00,242.61,139.37,1254.69,1765.6,183.46
2019-10-24 09:45:00,243.27,139.4958,1260.5027,1770.964,184.7277
2019-10-23 16:00:00,243.17,137.25,1257.75,1761.88,186.17
2019-10-23 15:45:00,242.92,137.085,1256.34,1763.6899,185.5
2019-10-23 15:30:00,242.5,136.89,1255.985,1765.2706,185.57
2019-10-23 15:15:00,242.3527,136.18,1254.9,1761.86,185.43
2019-10-23 15:00:00,242.47,136.24,1254.72,1760.65,185.53
2019-10-23 14:45:00,242.2801,136.195,1254.4399,1758.1024,185.24
2019-10-23 14:30:00,242.2959,136.059,1251.22,1756.7675,184.6329
2019-10-23 14:15:00,242.45,136.095,1251.75,1759.85,184.83
2019-10-23 14:00:00,242.64,136.22,1253.4399,1762.39,185.24
2019-10-23 13:45:00,242.53,136.2347,1252.41,1760.0,185.13
2019-10-23 13:30:00,242.4567,136.1922,1251.535,1757.536,184.6852
2019-10-23 13:15:00,242.1399,136.085,1252.1801,1754.96,184.81
2019-10-23 13:00:00,242.67,136.14,1253.32,1756.37,184.9
2019-10-23 12:45:00,242.6991,136.1385,1252.01,1753.155,184.96
2019-10-23 12:30:00,242.47,135.92,1250.475,1751.7252,184.44
2019-10-23 12:15:00,242.0799,135.895,1249.2522,1756.2234,184.8577
2019-10-23 12:00:00,242.51,136.05,1249.5,1760.66,184.53
2019-10-23 11:45:00,242.73,136.2338,1254.9301,1767.4362,185.15
2019-10-23 11:30:00,242.52,136.3,1257.2317,1768.7,185.8569
2019-10-23 11:15:00,242.47,136.12,1255.535,1766.022,185.8579
2019-10-23 11:00:00,242.62,135.94,1256.25,1765.75,185.42
2019-10-23 10:45:00,241.8997,135.8654,1252.5552,1758.3205,183.7124
2019-10-23 10:30:00,241.8847,135.955,1254.6396,1756.6776,184.0336
2019-10-23 10:15:00,241.6,135.63,1253.1304,1749.4245,184.273
2019-10-23 10:00:00,241.85,136.4,1253.7,1750.01,183.81
2019-10-23 09:45:00,242.3678,136.6044,1252.4005,1754.2817,184.0859
2019-10-22 16:00:00,239.97,136.39,1241.19,1765.35,182.31
2019-10-22 15:45:00,240.33,136.815,1242.53,1764.38,183.375
2019-10-22 15:30:00,240.83,136.86,1241.2901,1766.79,183.1959
2019-10-22 15:15:00,240.345,136.89,1240.9399,1765.9863,183.31
2019-10-22 15:00:00,240.75,137.06,1240.85,1764.66,183.46
2019-10-22 14:45:00,241.375,137.21,1243.45,1767.5,183.6
2019-10-22 14:30:00,241.8985,137.48,1244.86,1770.73,183.99
2019-10-22 14:15:00,242.1131,137.29,1245.72,1770.785,183.7474
2019-10-22 14:00:00,241.94,137.25,1243.03,1768.06,183.16
2019-10-22 13:45:00,241.855,137.3902,1245.3,1771.26,183.53
2019-10-22 13:30:00,241.5637,137.6522,1245.75,1772.582,184.01
2019-10-22 13:15:00,241.57,137.575,1246.4521,1772.7313,183.5477
2019-10-22 13:00:00,241.94,137.93,1246.1869,1773.93,183.47
2019-10-22 12:45:00,241.74,137.6,1243.105,1774.0,183.358
2019-10-22 12:30:00,241.72,137.875,1244.5114,1774.61,184.3035
2019-10-22 12:15:00,241.47,138.095,1243.3149,1774.5139,184.556
2019-10-22 12:00:00,241.19,137.78,1241.8199,1771.88,184.17
2019-10-22 11:45:00,241.55,138.18,1244.415,1775.4675,185.3374
2019-10-22 11:30:00,241.1,138.093,1241.5699,1772.0387,185.21
2019-10-22 11:15:00,241.5539,138.5023,1245.21,1774.8254,186.303
2019-10-22 11:00:00,241.56,139.03,1246.51,1777.89,188.95
2019-10-22 10:45:00,241.665,139.34,1247.5021,1778.63,189.6479
2019-10-22 10:30:00,241.52,139.22,1246.15,1774.7667,189.79
2019-10-22 10:15:00,241.2287,139.22,1245.48,1773.4,189.5534
2019-10-22 10:00:00,241.03,139.38,1245.78,1776.97,190.3
2019-10-22 09:45:00,241.5239,139.83,1243.7803,1778.38,190.3831
2019-10-21 16:00:00,240.53,138.43,1244.42,1785.85,189.75
2019-10-21 15:45:00,240.3,138.165,1244.53,1783.66,189.47
2019-10-21 15:30:00,240.5,138.215,1244.27,1782.67,189.245
2019-10-21 15:15:00,240.6323,138.17,1244.48,1784.74,189.15
2019-10-21 15:00:00,240.69,138.11,1245.57,1783.73,189.25
2019-10-21 14:45:00,240.64,138.11,1245.75,1782.5551,189.33
2019-10-21 14:30:00,240.6287,138.04,1244.025,1780.9825,189.1168
2019-10-21 14:15:00,240.78,138.08,1244.21,1781.7,189.07
2019-10-21 14:00:00,240.8,138.02,1243.84,1780.56,189.01
2019-10-21 13:45:00,240.8398,138.0188,1244.35,1781.5436,189.3334
2019-10-21 13:30:00,240.81,138.0,1245.3199,1782.564,189.175
2019-10-21 13:15:00,240.7,138.035,1244.48,1781.6,189.17
2019-10-21 13:00:00,240.58,137.9,1245.14,1781.5,189.11
2019-10-21 12:45:00,240.81,137.83,1247.05,1781.5277,189.2976
2019-10-21 12:30:00,240.63,137.84,1246.47,1779.1735,189.27
2019-10-21 12:15:00,240.73,137.7219,1246.37,1777.8101,189.1631
2019-10-21 12:00:00,240.73,137.47,1244.0601,1779.22,189.1
2019-10-21 11:45:00,240.29,137.58,1245.5277,1778.6743,189.2999
2019-10-21 11:30:00,240.6563,137.84,1246.12,1779.37,189.325
2019-10-21 11:15:00,240.73,137.8902,1245.415,1773.0718,189.1468
2019-10-21 11:00:00,239.92,137.92,1240.5649,1771.77,188.38
2019-10-21 10:45:00,239.89,137.8845,1245.9052,1769.3326,188.2362
2019-10-21 10:30:00,239.5,137.75,1247.3075,1771.0554,188.05
2019-10-21 10:15:00,239.8033,137.3551,1247.2764,1767.7959,188.027
2019-10-21 10:00:00,239.7,137.41,1247.57,1769.48,188.04
2019-10-21 09:45:00,239.96,137.45,1250.92,1772.7334,188.09
2019-10-18 16:00:00,236.28,137.34,1244.09,1757.8,185.86
2019-10-18 15:45:00,237.1725,137.98,1247.3,1760.4399,186.18
2019-10-18 15:30:00,237.07,138.0959,1247.6996,1764.5024,186.43
2019-10-18 15:15:00,237.51,138.245,1248.2849,1767.5786,186.775
2019-10-18 15:00:00,236.71,138.13,1246.67,1763.54,186.24
2019-10-18 14:45:00,236.22,138.25,1245.735,1762.5846,186.07
2019-10-18 14:30:00,236.25,138.37,1247.0699,1765.1398,186.28
2019-10-18 14:15:00,236.2211,138.2352,1245.35,1763.4941,185.91
2019-10-18 14:00:00,236.11,138.17,1245.99,1764.19,186.14
2019-10-18 13:45:00,236.3,137.8592,1245.1801,1763.4537,186.023
2019-10-18 13:30:00,235.74,137.79,1244.59,1764.47,186.0476
2019-10-18 13:15:00,235.6148,137.64,1246.35,1761.0,186.0891
2019-10-18 13:00:00,235.24,137.22,1245.02,1758.25,185.47
2019-10-18 12:45:00,235.1,136.9799,1242.96,1755.0632,184.5366
2019-10-18 12:30:00,234.6094,136.6975,1241.8245,1751.835,184.6474
2019-10-18 12:15:00,235.2,137.28,1245.655,1759.75,185.88
2019-10-18 12:00:00,235.14,137.07,1244.37,1761.14,185.72
2019-10-18 11:45:00,235.6489,137.8917,1248.99,1767.0016,186.617
2019-10-18 11:30:00,236.01,138.19,1251.675,1772.0197,187.01
2019-10-18 11:15:00,235.62,138.015,1254.625,1776.44,187.57
2019-10-18 11:00:00,235.54,138.34,1253.05,1772.76,187.94
2019-10-18 10:45:00,235.1546,138.4527,1250.33,1768.8092,187.9
2019-10-18 10:30:00,235.62,138.96,1252.1801,1774.3458,189.21
2019-10-18 10:15:00,235.79,139.06,1254.5202,1778.595,189.866
2019-10-18 10:00:00,235.92,139.61,1255.17,1785.01,190.5
2019-10-18 09:45:00,235.18,139.78,1254.03,1786.44,190.38
2019-10-17 16:00:00,235.29,139.67,1253.49,1787.48,190.4
2019-10-17 15:45:00,235.15,139.788,1252.67,1793.2584,190.29
2019-10-17 15:30:00,235.02,139.65,1251.58,1793.88,190.48
2019-10-17 15:15:00,235.06,139.765,1251.67,1793.87,190.3471
2019-10-17 15:00:00,235.11,139.84,1254.5,1793.66,190.38
2019-10-17 14:45:00,234.8538,139.77,1252.4301,1791.49,190.2252
2019-10-17 14:30:00,234.77,139.795,1252.4301,1794.45,190.58
2019-10-17 14:15:00,234.46,139.465,1251.605,1790.54,190.1
2019-10-17 14:00:00,234.91,139.6,1254.53,1791.3981,190.39
2019-10-17 13:45:00,234.92,139.52,1253.0,1792.54,189.58
2019-10-17 13:30:00,234.58,139.5531,1253.48,1791.3424,189.51
2019-10-17 13:15:00,234.2883,139.4737,1253.05,1789.797,189.53
2019-10-17 13:00:00,234.4,139.49,1254.18,1791.75,189.61
2019-10-17 12:45:00,234.31,139.43,1253.73,1790.1899,189.45
2019-10-17 12:30:00,234.14,139.42,1251.97,1789.084,189.6179
2019-10-17 12:15:00,233.92,139.26,1253.2,1787.6833,189.67
2019-10-17 12:00:00,233.92,139.31,1253.58,1789.01,189.52
2019-10-17 11:45:00,234.07,139.2627,1253.25,1789.5651,189.5337
2019-10-17 11:30:00,234.35,139.55,1255.675,1789.29,189.54
2019-10-17 11:15:00,234.5975,139.725,1254.53,1789.89,189.57
2019-10-17 11:00:00,234.47,139.6,1254.73,1786.34,189.11
2019-10-17 10:45:00,235.06,139.8737,1255.708,1785.7788,189.545
2019-10-17 10:30:00,235.5034,139.8423,1257.6245,1787.4921,190.09
2019-10-17 10:15:00,235.6594,140.35,1261.0256,1792.2919,189.8676
2019-10-17 10:00:00,235.84,140.96,1257.38,1794.595,190.17
2019-10-17 09:45:00,235.6729,140.8945,1254.8257,1790.4169,190.3133
2019-10-16 16:00:00,234.39,140.46,1242.98,1777.43,189.61
2019-10-16 15:45:00,234.06,140.14,1244.55,1779.0901,189.25
2019-10-16 15:30:00,233.93,140.15,1242.865,1778.5551,189.14
2019-10-16 15:15:00,233.92,140.2759,1242.7,1778.6,189.06
2019-10-16 15:00:00,233.99,140.29,1244.79,1782.39,189.22
2019-10-16 14:45:00,234.08,140.3599,1245.3647,1781.08,189.23
2019-10-16 14:30:00,233.85,140.05,1243.895,1779.04,188.69
2019-10-16 14:15:00,233.8389,140.035,1244.53,1777.4449,189.06
2019-10-16 14:00:00,233.71,139.88,1243.0601,1778.54,188.88
2019-10-16 13:45:00,233.97,140.03,1244.72,1777.3491,188.877
2019-10-16 13:30:00,233.74,139.9585,1243.4449,1774.7039,188.82
2019-10-16 13:15:00,233.88,139.88,1242.355,1774.51,188.62
2019-10-16 13:00:00,233.7,139.92,1241.76,1775.37,188.75
2019-10-16 12:45:00,233.9,139.8872,1244.245,1774.47,188.71
2019-10-16 12:30:00,233.98,140.095,1246.12,1774.6035,188.9
2019-10-16 12:15:00,234.02,139.93,1248.29,1778.0,189.01
2019-10-16 12:00:00,234.36,139.97,1249.54,1778.67,189.04
2019-10-16 11:45:00,234.12,140.0437,1249.4329,1779.4234,189.175
2019-10-16 11:30:00,233.9796,140.105,1248.86,1780.05,188.7931
2019-10-16 11:15:00,234.55,140.25,1251.395,1785.1748,188.96
2019-10-16 11:00:00,234.46,140.51,1253.78,1784.0,188.7
2019-10-16 10:45:00,234.06,140.42,1250.8,1780.33,187.79
2019-10-16 10:30:00,233.9484,140.29,1250.37,1781.98,187.9568
2019-10-16 10:15:00,234.08,140.0,1245.6905,1776.0742,188.0779
2019-10-16 10:00:00,234.56,139.7,1247.29,1780.21,188.28
2019-10-16 09:45:00,234.68,139.955,1249.155,1782.0125,187.26
2019-10-15 16:00:00,235.32,141.57,1242.25,1767.36,188.83
2019-10-15 15:45:00,235.3415,141.39,1243.46,1767.8036,189.1668
2019-10-15 15:30:00,235.9586,141.53,1246.27,1768.9909,189.14
2019-10-15 15:15:00,235.77,141.335,1242.88,1770.3882,188.8233
2019-10-15 15:00:00,235.9,141.48,1245.01,1771.38,189.28
2019-10-15 14:45:00,235.995,141.58,1245.6399,1773.9262,189.3
2019-10-15 14:30:00,235.7917,141.6,1246.17,1774.17,189.28
2019-10-15 14:15:00,235.77,141.555,1245.67,1776.17,189.62
2019-10-15 14:00:00,235.81,141.61,1243.14,1774.1,189.45
2019-10-15 13:45:00,235.7565,141.529,1240.83,1768.8448,189.225
2019-10-15 13:30:00,235.61,141.4999,1240.045,1765.29,189.32
2019-10-15 13:15:00,235.6775,141.54,1240.97,1763.98,189.55
2019-10-15 13:00:00,236.03,141.47,1239.49,1759.67,189.5535
2019-10-15 12:45:00,236.08,141.395,1239.7,1758.78,189.0804
2019-10-15 12:30:00,235.93,141.44,1239.7928,1757.735,188.9761
2019-10-15 12:15:00,235.6342,141.455,1242.8798,1759.73,189.52
2019-10-15 12:00:00,235.7,141.42,1242.37,1758.52,189.6
2019-10-15 11:45:00,235.31,141.33,1239.12,1754.5963,189.98
2019-10-15 11:30:00,236.1385,141.5051,1236.8546,1754.8632,189.96
2019-10-15 11:15:00,236.12,141.39,1235.0551,1750.8608,189.37
2019-10-15 11:00:00,237.45,141.61,1237.4301,1752.09,190.28
2019-10-15 10:45:00,237.4799,141.68,1235.6,1747.8952,189.17
2019-10-15 10:30:00,236.89,141.305,1232.08,1744.2251,187.87
2019-10-15 10:15:00,236.9177,140.92,1232.23,1747.0393,188.218
2019-10-15 10:00:00,236.76,140.46,1226.3,1744.29,186.73
2019-10-15 09:45:00,237.1059,140.5556,1225.01,1747.3801,185.83
2019-10-14 16:00:00,235.89,139.54,1217.08,1736.51,183.29
2019-10-14 15:45:00,235.9299,139.73,1218.735,1738.6152,183.56
2019-10-14 15:30:00,236.22,139.85,1220.8719,1740.12,183.597
2019-10-14 15:15:00,236.3,139.8,1220.0793,1739.13,183.41
2019-10-14 15:00:00,236.24,139.89,1220.79,1739.54,183.48
2019-10-14 14:45:00,236.18,139.81,1220.48,1741.2426,183.51
2019-10-14 14:30:00,236.611,139.88,1220.55,1741.1508,183.53
2019-10-14 14:15:00,236.53,139.975,1220.985,1738.5551,183.62
2019-10-14 14:00:00,236.7,139.81,1221.08,1737.18,183.42
2019-10-14 13:45:00,236.6,139.7058,1219.2357,1735.1016,183.46
2019-10-14 13:30:00,236.54,139.67,1219.98,1734.0649,183.68
2019-10-14 13:15:00,236.53,139.69,1221.1801,1734.62,183.71
2019-10-14 13:00:00,236.35,139.67,1220.45,1728.14,183.49
2019-10-14 12:45:00,236.51,139.72,1219.73,1727.35,183.42
2019-10-14 12:30:00,236.6898,139.64,1219.67,1727.3149,183.425
2019-10-14 12:15:00,236.266,139.78,1220.1801,1727.55,183.6478
2019-10-14 12:00:00,237.0,139.93,1221.22,1726.62,183.71
2019-10-14 11:45:00,237.23,139.88,1221.91,1727.42,183.9783
2019-10-14 11:30:00,237.44,139.9289,1221.17,1726.498,183.94
2019-10-14 11:15:00,237.6177,139.97,1223.2395,1727.5258,183.89
2019-10-14 11:00:00,237.9,140.16,1224.58,1728.74,184.21
2019-10-14 10:45:00,237.895,139.94,1224.2126,1727.7179,184.3817
2019-10-14 10:30:00,237.4351,139.7828,1223.97,1723.21,183.72
2019-10-14 10:15:00,237.72,140.02,1224.94,1726.37,183.8766
2019-10-14 10:00:00,237.16,139.91,1220.67,1725.7947,183.54
2019-10-14 09:45:00,235.7376,139.87,1211.88,1724.6657,182.84
2019-10-11 16:00:00,235.93,139.56,1214.29,1730.0,184.1
2019-10-11 15:45:00,236.91,140.095,1220.0,1737.5879,185.0001
2019-10-11 15:30:00,236.985,140.6167,1223.4,1742.75,185.905
2019-10-11 15:15:00,236.9799,140.64,1224.46,1742.7174,185.87
2019-10-11 15:00:00,236.49,140.7,1223.44,1741.92,185.74
2019-10-11 14:45:00,235.9771,140.695,1224.5,1742.08,185.97
2019-10-11 14:30:00,235.495,140.65,1224.6,1742.5,185.78
2019-10-11 14:15:00,235.0231,140.455,1224.5085,1741.66,185.646
2019-10-11 14:00:00,235.3,140.61,1224.93,1742.2,185.87
2019-10-11 13:45:00,235.3948,140.5756,1225.55,1743.0699,185.7975
2019-10-11 13:30:00,234.78,140.33,1225.5,1737.02,185.5586
2019-10-11 13:15:00,234.56,140.12,1222.85,1737.33,185.3714
2019-10-11 13:00:00,234.83,140.46,1224.02,1739.08,185.69
2019-10-11 12:45:00,234.5648,140.2959,1222.3341,1736.9476,185.1377
2019-10-11 12:30:00,234.42,140.395,1224.0,1739.41,185.3849
2019-10-11 12:15:00,234.537,140.3251,1226.0341,1741.7027,185.5267
2019-10-11 12:00:00,234.48,140.4,1225.55,1740.13,185.7
2019-10-11 11:45:00,234.74,140.61,1227.39,1742.66,186.12
2019-10-11 11:30:00,234.77,140.6949,1227.25,1743.7915,185.36
2019-10-11 11:15:00,234.1,140.56,1225.72,1743.49,185.2669
2019-10-11 11:00:00,233.94,140.58,1225.08,1742.85,185.19
2019-10-11 10:45:00,233.88,140.63,1223.1799,1741.5831,184.64
2019-10-11 10:30:00,234.2774,140.92,1223.5889,1743.78,185.2738
2019-10-11 10:15:00,234.27,140.7,1225.364,1743.35,184.8
2019-10-11 10:00:00,233.67,140.57,1224.49,1740.33,183.99
2019-10-11 09:45:00,233.0743,140.5752,1225.6156,1738.2518,183.3
2019-10-10 16:00:00,230.27,139.29,1209.85,1720.99,180.19
2019-10-10 15:45:00,229.94,139.02,1207.92,1720.0147,180.0157
2019-10-10 15:30:00,230.15,139.1752,1208.3101,1721.4399,180.1867
2019-10-10 15:15:00,229.925,138.94,1208.62,1720.7269,179.98
2019-10-10 15:00:00,229.77,138.93,1207.4,1718.24,179.77
2019-10-10 14:45:00,229.43,138.73,1206.8,1718.0465,179.4124
2019-10-10 14:30:00,229.57,138.7838,1206.78,1718.8536,179.6035
2019-10-10 14:15:00,229.4537,138.7523,1207.5097,1718.697,179.6469
2019-10-10 14:00:00,229.74,139.1,1211.01,1722.01,180.15
2019-10-10 13:45:00,229.4796,138.9858,1208.3805,1717.3545,179.7375
2019-10-10 13:30:00,229.72,139.01,1209.33,1720.0,179.8803
2019-10-10 13:15:00,229.8,139.09,1209.7,1719.42,180.03
2019-10-10 13:00:00,229.88,139.2,1209.1,1720.93,180.16
2019-10-10 12:45:00,229.8074,139.0695,1207.61,1723.0557,180.3108
2019-10-10 12:30:00,229.8218,139.085,1208.67,1721.8199,180.46
2019-10-10 12:15:00,229.84,139.4915,1210.79,1725.649,181.03
2019-10-10 12:00:00,230.07,139.62,1213.04,1731.92,181.54
2019-10-10 11:45:00,230.07,139.4,1213.14,1732.88,181.32
2019-10-10 11:30:00,230.2721,139.53,1212.5457,1734.27,181.3434
2019-10-10 11:15:00,230.3845,139.5211,1214.8938,1736.684,181.4236
2019-10-10 11:00:00,230.13,139.29,1213.88,1736.51,181.2
2019-10-10 10:45:00,229.71,138.8896,1210.59,1734.9114,181.1665
2019-10-10 10:30:00,229.48,139.14,1209.9449,1734.475,180.88
2019-10-10 10:15:00,229.12,139.0837,1208.4368,1732.3856,180.8248
2019-10-10 10:00:00,229.8625,139.33,1208.1,1732.76,180.85
2019-10-10 09:45:00,227.91,138.7227,1198.67,1721.5081,179.59
2019-10-09 16:00:00,227.0,138.21,1202.4,1721.34,179.83
2019-10-09 15:45:00,226.87,137.98,1203.84,1723.3232,179.9175
2019-10-09 15:30:00,227.476,138.4186,1207.39,1727.1899,180.6
2019-10-09 15:15:00,227.49,138.4623,1207.48,1726.53,180.41
2019-10-09 15:00:00,227.3,138.51,1207.19,1727.66,180.15
2019-10-09 14:45:00,227.2671,138.45,1205.8101,1725.1367,179.8886
2019-10-09 14:30:00,226.9684,138.32,1203.99,1723.5601,179.76
2019-10-09 14:15:00,226.8685,138.29,1204.062,1724.7061,179.7167
2019-10-09 14:00:00,226.85,138.15,1202.81,1724.37,179.57
2019-10-09 13:45:00,226.96,138.126,1201.9191,1724.8751,179.5
2019-10-09 13:30:00,226.795,138.03,1200.83,1724.1187,179.18
2019-10-09 13:15:00,227.058,138.115,1201.1801,1725.0438,179.29
2019-10-09 13:00:00,227.12,138.06,1203.82,1727.03,179.64
2019-10-09 12:45:00,227.0801,138.03,1203.495,1728.0,179.46
2019-10-09 12:30:00,226.8,137.86,1201.83,1725.775,179.3
2019-10-09 12:15:00,226.82,137.91,1203.23,1727.47,179.53
2019-10-09 12:00:00,226.71,137.7991,1203.5,1726.12,179.48
2019-10-09 11:45:00,226.6,137.6261,1201.8149,1724.5601,179.55
2019-10-09 11:30:00,225.97,137.42,1200.405,1722.4921,179.58
2019-10-09 11:15:00,225.83,137.3384,1200.35,1720.95,179.25
2019-10-09 11:00:00,226.03,137.67,1202.44,1723.53,179.51
2019-10-09 10:45:00,226.1744,137.6827,1201.896,1720.553,179.1435
2019-10-09 10:30:00,226.34,137.71,1200.65,1721.4351,179.02
2019-10-09 10:15:00,225.99,137.335,1198.58,1719.325,178.65
2019-10-09 10:00:00,226.2,137.29,1200.14,1719.36,178.23
2019-10-09 09:45:00,226.73,137.26,1201.59,1719.84,178.65
2019-10-08 16:00:00,224.39,135.66,1189.79,1705.73,177.73
2019-10-08 15:45:00,225.3973,136.1544,1193.67,1710.7762,178.42
2019-10-08 15:30:00,226.02,136.6325,1199.11,1717.16,179.1297
2019-10-08 15:15:00,225.6884,136.4951,1197.0946,1716.424,178.8451
2019-10-08 15:00:00,226.27,136.8,1199.77,1718.43,179.29
2019-10-08 14:45:00,227.33,137.34,1202.12,1722.01,179.79
2019-10-08 14:30:00,226.5972,137.0,1198.77,1718.1801,179.31
2019-10-08 14:15:00,226.7745,136.9904,1199.62,1718.5237,179.0993
2019-10-08 14:00:00,226.95,137.11,1199.9301,1719.04,179.09
2019-10-08 13:45:00,227.4182,137.2999,1202.7833,1721.202,179.21
2019-10-08 13:30:00,226.9635,137.23,1201.192,1720.084,178.7253
2019-10-08 13:15:00,226.69,137.12,1198.26,1718.11,178.73
2019-10-08 13:00:00,226.75,137.3,1198.77,1719.005,178.81
2019-10-08 12:45:00,226.4884,137.2751,1196.1888,1720.3101,178.7367
2019-10-08 12:30:00,226.04,137.22,1196.34,1718.9,178.89
2019-10-08 12:15:00,225.92,137.05,1194.28,1716.892,178.55
2019-10-08 12:00:00,226.1,136.96,1195.17,1715.63,178.69
2019-10-08 11:45:00,225.9444,137.0427,1195.2934,1716.0136,178.8135
2019-10-08 11:30:00,225.77,137.025,1193.78,1717.2963,178.65
2019-10-08 11:15:00,226.02,137.05,1196.3101,1719.6801,178.8857
2019-10-08 11:00:00,226.26,136.9,1196.95,1720.77,178.76
2019-10-08 10:45:00,226.346,136.6362,1194.1859,1717.89,178.5447
2019-10-08 10:30:00,226.1437,136.47,1193.03,1717.27,178.58
2019-10-08 10:15:00,225.9091,136.2755,1194.2018,1719.5189,178.6804
2019-10-08 10:00:00,225.83,136.24,1192.45,1720.59,178.26
2019-10-08 09:45:00,226.4472,136.52,1196.2231,1722.5948,178.9457
2019-10-07 16:00:00,227.06,137.1,1208.0,1732.51,179.68
2019-10-07 15:45:00,227.45,137.24,1211.34,1732.67,179.9919
2019-10-07 15:30:00,227.8372,137.6284,1213.79,1735.8044,180.18
2019-10-07 15:15:00,227.8945,137.595,1213.54,1735.99,180.0935
2019-10-07 15:00:00,227.43,137.4,1211.75,1735.23,180.17
2019-10-07 14:45:00,227.9082,137.4846,1211.74,1737.6933,180.06
2019-10-07 14:30:00,228.6877,137.6508,1213.1386,1738.4998,180.5226
2019-10-07 14:15:00,228.6169,137.57,1212.87,1736.4786,180.21
2019-10-07 14:00:00,229.88,137.94,1216.34,1740.78,180.48
2019-10-07 13:45:00,229.63,138.0,1216.9004,1741.7314,180.4936
2019-10-07 13:30:00,228.73,137.55,1212.1899,1735.272,179.86
2019-10-07 13:15:00,228.91,137.43,1210.53,1735.04,179.8755
2019-10-07 13:00:00,229.4,137.56,1212.48,1736.91,180.15
2019-10-07 12:45:00,229.31,137.6427,1214.38,1738.224,180.53
2019-10-07 12:30:00,228.971,137.605,1213.84,1737.4061,180.2604
2019-10-07 12:15:00,228.9,137.9098,1215.25,1739.9827,180.8858
2019-10-07 12:00:00,229.41,138.02,1216.88,1743.01,180.83
2019-10-07 11:45:00,229.18,137.78,1216.36,1743.0699,180.8415
2019-10-07 11:30:00,228.8637,137.66,1215.4198,1741.88,180.73
2019-10-07 11:15:00,228.9092,137.688,1215.8792,1743.0,180.7
2019-10-07 11:00:00,228.71,137.53,1215.38,1743.01,180.41
2019-10-07 10:45:00,227.99,137.41,1212.63,1739.42,179.81
2019-10-07 10:30:00,228.0082,137.3565,1213.692,1738.3101,179.874
2019-10-07 10:15:00,227.95,137.3063,1209.6107,1733.4111,179.3575
2019-10-07 10:00:00,227.05,137.19,1207.03,1728.9,179.3
2019-10-07 09:45:00,226.9091,137.21,1206.7288,1729.23,178.832
2019-10-04 16:00:00,227.01,138.11,1210.23,1739.9,180.4
2019-10-04 15:45:00,226.54,138.12,1210.65,1737.39,180.785
2019-10-04 15:30:00,226.18,137.88,1207.835,1736.1569,180.695
2019-10-04 15:15:00,226.4232,137.905,1209.41,1733.6,180.66
2019-10-04 15:00:00,226.9,137.96,1208.14,1735.21,180.62
2019-10-04 14:45:00,227.32,137.94,1207.99,1736.8051,180.5586
2019-10-04 14:30:00,226.83,137.82,1206.4399,1736.09,180.34
2019-10-04 14:15:00,226.93,137.74,1205.4,1734.8304,180.09
2019-10-04 14:00:00,226.32,137.53,1204.05,1732.29,179.85
2019-10-04 13:45:00,226.26,137.65,1206.3098,1736.1764,180.33
2019-10-04 13:30:00,226.2,137.59,1204.14,1733.38,180.23
2019-10-04 13:15:00,226.07,137.3301,1203.6158,1731.2,180.1375
2019-10-04 13:00:00,225.95,137.49,1203.9,1730.4113,179.89
2019-10-04 12:45:00,225.5911,137.3,1203.52,1729.7072,179.9301
2019-10-04 12:30:00,225.73,137.46,1204.1517,1729.04,179.99
2019-10-04 12:15:00,225.82,137.4873,1203.79,1728.26,180.01
2019-10-04 12:00:00,226.04,137.67,1205.67,1729.36,180.26
2019-10-04 11:45:00,225.737,137.35,1205.4799,1729.2,180.0672
2019-10-04 11:30:00,225.7544,137.0327,1202.7536,1729.0539,179.9535
2019-10-04 11:15:00,225.8437,136.9822,1202.976,1728.4672,179.6229
2019-10-04 11:00:00,225.14,137.05,1199.64,1725.06,179.56
2019-10-04 10:45:00,224.7448,137.13,1198.0701,1726.3702,178.91
2019-10-04 10:30:00,224.52,137.34,1198.2074,1728.5815,178.92
2019-10-04 10:15:00,224.8881,137.495,1202.1489,1732.1024,179.7
2019-10-04 10:00:00,224.83,137.67,1198.335,1730.01,179.5
2019-10-04 09:45:00,224.6637,137.1632,1195.3825,1728.4982,178.3929
2019-10-03 16:00:00,220.81,136.3,1188.85,1724.26,179.42
2019-10-03 15:45:00,220.2666,136.1591,1187.405,1718.7962,178.8947
2019-10-03 15:30:00,220.0826,136.0622,1186.76,1718.548,178.8401
2019-10-03 15:15:00,219.99,136.11,1187.6899,1718.63,178.75
2019-10-03 15:00:00,220.02,136.31,1187.78,1720.47,179.12
2019-10-03 14:45:00,220.1021,136.47,1187.7693,1719.7,179.19
2019-10-03 14:30:00,220.48,136.5368,1189.24,1721.1899,179.59
2019-10-03 14:15:00,220.32,136.3207,1188.415,1718.609,179.0975
2019-10-03 14:00:00,220.6506,136.53,1189.3,1720.17,179.7
2019-10-03 13:45:00,220.567,136.5745,1189.26,1720.49,179.55
2019-10-03 13:30:00,220.54,136.245,1186.41,1716.21,178.9858
2019-10-03 13:15:00,220.48,136.29,1187.34,1715.053,178.92
2019-10-03 13:00:00,220.59,136.21,1187.53,1716.13,178.77
2019-10-03 12:45:00,220.23,136.22,1185.22,1713.0,178.49
2019-10-03 12:30:00,219.9959,136.1527,1183.6232,1712.7536,178.6085
2019-10-03 12:15:00,219.41,136.21,1182.38,1710.0,177.49
2019-10-03 12:00:00,218.83,135.76,1179.84,1705.49,176.9
2019-10-03 11:45:00,219.2292,136.0357,1181.4194,1708.564,176.6174
2019-10-03 11:30:00,219.12,136.0836,1181.62,1707.64,176.84
2019-10-03 11:15:00,218.9465,136.1349,1181.8,1705.8101,176.6
2019-10-03 11:00:00,217.17,135.05,1175.26,1700.64,175.42
2019-10-03 10:45:00,216.8835,134.9444,1173.1179,1699.11,175.44
2019-10-03 10:30:00,216.86,134.67,1175.49,1701.743,175.75
2019-10-03 10:15:00,216.128,133.595,1170.4237,1692.6681,174.8264
2019-10-03 10:00:00,218.29,135.06,1178.0,1710.92,175.595
2019-10-03 09:45:00,218.0378,134.8249,1178.3199,1709.3199,175.1263
2019-10-02 16:00:00,218.96,134.63,1177.41,1713.24,174.59
2019-10-02 15:45:00,219.58,135.05,1180.045,1714.99,174.97
2019-10-02 15:30:00,219.38,134.97,1178.67,1714.0074,175.0492
2019-10-02 15:15:00,219.4191,135.0356,1180.5943,1714.9217,175.59
2019-10-02 15:00:00,219.25,134.76,1179.505,1714.05,175.06
2019-10-02 14:45:00,219.277,134.54,1175.5774,1713.7346,174.9156
2019-10-02 14:30:00,219.21,134.39,1175.745,1712.83,174.93
2019-10-02 14:15:00,218.79,134.066,1174.2,1709.4552,174.39
2019-10-02 14:00:00,218.7,133.97,1173.05,1709.2,174.28
2019-10-02 13:45:00,218.87,133.9902,1174.775,1707.95,174.46
2019-10-02 13:30:00,219.14,134.19,1178.5832,1710.38,174.79
2019-10-02 13:15:00,219.1635,134.1522,1178.8188,1713.3279,174.6794
2019-10-02 13:00:00,218.44,133.78,1175.27,1707.16,174.21
2019-10-02 12:45:00,218.3652,133.86,1176.66,1709.7015,174.1255
2019-10-02 12:30:00,218.8252,134.06,1177.876,1710.1801,174.12
2019-10-02 12:15:00,218.8099,134.1,1177.53,1708.09,173.4461
2019-10-02 12:00:00,219.21,134.29,1182.83,1711.04,174.24
2019-10-02 11:45:00,219.2507,134.3179,1181.1181,1709.1103,174.1
2019-10-02 11:30:00,219.705,134.1849,1175.785,1708.17,174.34
2019-10-02 11:15:00,219.9021,133.9664,1176.4301,1709.14,174.0832
2019-10-02 11:00:00,219.79,134.07,1178.73,1711.48,174.95
2019-10-02 10:45:00,219.6636,134.0222,1182.2093,1713.9829,175.6259
2019-10-02 10:30:00,220.4696,134.37,1184.6527,1718.01,175.52
2019-10-02 10:15:00,220.7843,134.9526,1185.5382,1722.1739,175.7334
2019-10-02 10:00:00,221.31,135.14,1184.73,1722.92,175.16
2019-10-02 09:45:00,221.4583,135.42,1188.3867,1721.9715,174.0965
2019-10-01 16:00:00,224.58,137.06,1206.01,1736.12,175.79
2019-10-01 15:45:00,224.9883,137.2949,1208.3684,1739.7404,175.84
2019-10-01 15:30:00,225.22,137.6051,1209.88,1741.955,176.08
2019-10-01 15:15:00,225.0873,137.57,1209.67,1739.345,175.9
2019-10-01 15:00:00,225.15,137.67,1210.61,1743.11,175.99
2019-10-01 14:45:00,225.3102,137.6657,1211.245,1743.8149,175.6781
2019-10-01 14:30:00,225.004,137.39,1209.29,1740.9141,175.05
2019-10-01 14:15:00,225.05,137.4272,1208.7531,1740.2527,175.135
2019-10-01 14:00:00,224.89,137.37,1207.06,1735.24,174.98
2019-10-01 13:45:00,225.1442,137.4819,1206.9704,1733.9225,175.4
2019-10-01 13:30:00,225.1759,137.545,1207.5,1733.73,175.72
2019-10-01 13:15:00,224.96,137.6484,1208.08,1733.8553,175.75
2019-10-01 13:00:00,225.39,137.85,1210.92,1735.73,176.415
2019-10-01 12:45:00,226.175,138.0864,1211.0908,1737.23,175.95
2019-10-01 12:30:00,225.53,137.96,1209.53,1734.54,175.59
2019-10-01 12:15:00,225.5784,137.6,1208.39,1730.5094,175.79
2019-10-01 12:00:00,226.27,138.34,1208.15,1732.06,176.36
2019-10-01 11:45:00,226.6,138.5223,1210.8497,1735.1483,176.9529
2019-10-01 11:30:00,227.64,138.73,1213.5818,1737.5502,176.7306
2019-10-01 11:15:00,226.6438,138.6427,1212.4838,1734.044,176.11
2019-10-01 11:00:00,226.19,138.73,1212.33,1734.76,176.48
2019-10-01 10:45:00,226.55,138.875,1216.1801,1736.5601,176.8482
2019-10-01 10:30:00,226.7645,138.9356,1220.4189,1744.34,177.0971
2019-10-01 10:15:00,226.366,138.87,1217.582,1738.0601,177.29
2019-10-01 10:00:00,228.09,139.83,1230.07,1754.56,178.48
2019-10-01 09:45:00,227.273,140.13,1230.3931,1754.0811,179.4735
2019-09-30 16:00:00,223.98,139.03,1221.16,1736.13,178.07
2019-09-30 15:45:00,223.9371,138.8744,1219.8213,1733.9758,177.815
2019-09-30 15:30:00,224.08,138.725,1217.9399,1733.4399,177.83
2019-09-30 15:15:00,224.125,138.82,1219.4273,1734.29,178.0044
2019-09-30 15:00:00,224.11,138.84,1219.01,1732.37,178.1
2019-09-30 14:45:00,224.23,138.9256,1219.33,1736.4496,178.3867
2019-09-30 14:30:00,224.0145,138.96,1220.45,1736.73,178.548
2019-09-30 14:15:00,223.925,138.9923,1223.0601,1736.0472,178.25
2019-09-30 14:00:00,224.18,139.0,1223.6,1734.22,178.15
2019-09-30 13:45:00,224.0519,138.8881,1221.6949,1733.6801,177.8
2019-09-30 13:30:00,223.97,138.9137,1222.09,1733.08,177.85
2019-09-30 13:15:00,224.17,139.0822,1224.02,1734.51,178.11
2019-09-30 13:00:00,224.42,139.07,1223.6899,1734.55,178.15
2019-09-30 12:45:00,224.21,139.1496,1226.96,1733.45,178.2708
2019-09-30 12:30:00,223.97,139.01,1225.755,1730.62,177.91
2019-09-30 12:15:00,223.59,138.83,1222.73,1727.1485,177.5708
2019-09-30 12:00:00,223.17,138.72,1220.74,1728.6,177.21
2019-09-30 11:45:00,223.3936,138.7079,1220.6919,1728.865,177.275
2019-09-30 11:30:00,223.225,138.75,1220.75,1730.679,177.56
2019-09-30 11:15:00,223.03,138.4727,1216.5937,1727.28,177.1035
2019-09-30 11:00:00,222.64,138.42,1217.95,1728.4373,177.17
2019-09-30 10:45:00,221.838,138.23,1216.62,1724.45,177.26
2019-09-30 10:30:00,221.8139,138.3239,1220.165,1724.568,177.4
2019-09-30 10:15:00,221.8358,138.53,1221.5721,1723.77,178.04
2019-09-30 10:00:00,221.75,138.29,1221.01,1721.46,177.72
2019-09-30 09:45:00,221.67,138.1227,1217.0989,1712.6007,177.4535
2019-09-27 16:00:00,218.85,137.75,1226.16,1725.86,177.07
2019-09-27 15:45:00,218.73,137.465,1224.775,1723.05,176.64
2019-09-27 15:30:00,218.29,137.09,1222.01,1722.4,176.3
2019-09-27 15:15:00,217.91,136.92,1217.42,1716.55,175.86
2019-09-27 15:00:00,217.5,137.01,1216.68,1716.27,175.87
2019-09-27 14:45:00,217.91,137.1001,1219.47,1717.58,176.44
2019-09-27 14:30:00,218.1787,137.1555,1221.87,1719.2638,176.9771
2019-09-27 14:15:00,218.3357,137.3464,1220.8383,1719.5684,177.1697
2019-09-27 14:00:00,218.58,137.72,1223.95,1722.01,177.48
2019-09-27 13:45:00,218.6782,137.7551,1224.5757,1722.3863,177.6266
2019-09-27 13:30:00,218.3491,137.7658,1222.5611,1721.802,177.5074
2019-09-27 13:15:00,218.5985,137.89,1223.78,1722.5092,177.7
2019-09-27 13:00:00,218.25,137.71,1220.72,1719.83,177.27
2019-09-27 12:45:00,219.0943,138.47,1227.5,1729.571,178.07
2019-09-27 12:30:00,219.2045,138.76,1229.53,1732.0559,178.5
2019-09-27 12:15:00,219.777,139.0544,1232.1842,1736.4152,179.1069
2019-09-27 12:00:00,219.73,139.06,1232.95,1735.81,178.76
2019-09-27 11:45:00,218.7758,138.5136,1229.0223,1728.6455,177.9947
2019-09-27 11:30:00,220.3736,139.615,1234.705,1741.6534,179.59
2019-09-27 11:15:00,220.48,139.695,1234.344,1740.5097,179.385
2019-09-27 11:00:00,220.39,139.45,1233.0,1737.21,179.16
2019-09-27 10:45:00,220.01,139.32,1233.79,1741.07,178.84
2019-09-27 10:30:00,220.0779,139.135,1232.75,1731.925,178.57
2019-09-27 10:15:00,220.14,139.0858,1232.0,1727.6323,177.9574
2019-09-27 10:00:00,220.24,139.27,1233.19,1731.01,178.03
2019-09-27 09:45:00,220.4788,139.6156,1238.4691,1741.3799,179.4022
2019-09-26 16:00:00,219.89,139.57,1241.43,1740.2,180.16
2019-09-26 15:45:00,220.29,139.62,1241.58,1740.3326,180.26
2019-09-26 15:30:00,220.435,139.9706,1242.4399,1742.49,180.12
2019-09-26 15:15:00,220.11,139.72,1240.7775,1738.25,179.4297
2019-09-26 15:00:00,220.06,139.63,1239.53,1737.49,179.04
2019-09-26 14:45:00,220.308,139.915,1241.34,1739.8654,179.6067
2019-09-26 14:30:00,220.24,139.73,1240.15,1739.97,179.57
2019-09-26 14:15:00,220.495,139.65,1241.0601,1738.95,179.3263
2019-09-26 14:00:00,220.15,139.27,1238.16,1736.99,178.99
2019-09-26 13:45:00,220.07,139.06,1238.15,1736.184,178.3901
2019-09-26 13:30:00,219.8,138.9295,1235.6098,1733.21,178.1
2019-09-26 13:15:00,220.01,139.08,1236.38,1735.4167,178.66
2019-09-26 13:00:00,219.87,139.1,1239.2,1736.27,178.7
2019-09-26 12:45:00,219.96,139.13,1239.14,1737.7225,178.5687
2019-09-26 12:30:00,220.1926,139.31,1241.0699,1739.5254,178.4829
2019-09-26 12:15:00,220.0328,139.0956,1238.9597,1736.5796,178.1271
2019-09-26 12:00:00,219.96,138.75,1236.19,1733.28,177.94
2019-09-26 11:45:00,219.96,138.6453,1236.0,1734.58,178.2952
2019-09-26 11:30:00,219.5479,138.835,1235.3799,1735.8059,178.5514
2019-09-26 11:15:00,219.7792,138.9758,1235.6416,1738.6426,178.805
2019-09-26 11:00:00,220.05,139.35,1235.4301,1740.58,179.23
2019-09-26 10:45:00,220.0784,139.6343,1238.0,1742.6554,179.88
2019-09-26 10:30:00,219.9682,139.6052,1237.7263,1743.6302,180.0667
2019-09-26 10:15:00,219.54,139.39,1235.4,1740.2912,179.9
2019-09-26 10:00:00,219.23,139.27,1235.76,1744.42,179.62
2019-09-26 09:45:00,219.2134,139.3358,1237.9717,1748.7731,179.7825
